uuid: 1b458a23-83bf-4175-98ef-b12ad59e6264
timestamps:
  login: 1471746726880
  logout: 1471746971944
ipAddress: 118.114.182.161
logoutlocation:
  world: world
  x: 971.3000000119207
  y: 95.0
  z: 619.466496296644
  yaw: -1.885931
  pitch: 23.676811
lastAccountName: bryaxpheon
socialspy: false
