uuid: 1e2bcb41-52db-3fbe-ad92-7745a0e6ba06
timestamps:
  login: 1422677466313
  kits:
    tools: 1422671130318
  logout: 1422677544632
ipAddress: 172.45.253.8
lastlocation:
  world: SDYG6th
  x: 9.694509039636397
  y: 89.1165121825842
  z: 1020.2407049765754
  yaw: 107.47472
  pitch: 34.638012
logoutlocation:
  world: SDYG6th
  x: -1014.8775277778587
  y: 109.0
  z: 983.3183408961087
  yaw: 65.174866
  pitch: 22.79987
afk: false
lastAccountName: xvblack_z
