uuid: 288bb38f-b5bf-3222-bed3-b391be952ae9
timestamps:
  login: 1484457811654
  kits:
    tools: 1423913996106
  lastteleport: 1484458919219
  logout: 1484459234817
ipAddress: 127.0.0.1
lastlocation:
  world: moe2nd
  x: 103.41672830586799
  y: 251.0
  z: 953.9728085910629
  yaw: -219.56323
  pitch: 23.565327
homes:
  home:
    world: SDYG6th
    x: 1149.8513611903277
    y: 148.0
    z: 957.9375078614443
    yaw: 90.792114
    pitch: 27.292244
logoutlocation:
  world: moe2nd
  x: 787.4472228070164
  y: 76.0
  z: 942.9963835428355
  yaw: 14.553151
  pitch: 21.43501
lastAccountName: hanyuwei70
socialspy: false
afk: false
