uuid: 7eee4142-37af-3eb7-b4b9-ed1eb9290900
timestamps:
  login: 1486400442849
  lastteleport: 1486399989987
  logout: 1486400445469
  kits:
    tools: 1471787182298
ipAddress: 127.0.0.1
lastlocation:
  world: moe2nd
  x: -231.5
  y: 170.0
  z: 1207.5
  yaw: 3.0015316
  pitch: 90.0
logoutlocation:
  world: DIM1
  x: -319.32579718648583
  y: 80.15174817880525
  z: 22.824465342164043
  yaw: -162.60068
  pitch: 58.199986
afk: false
homes:
  home:
    world: moe2nd
    x: -231.43976894338294
    y: 171.0
    z: 1207.6420394211832
    yaw: 3.0015316
    pitch: 90.0
lastAccountName: EpixZhang
socialspy: false
nickname: epix
