uuid: 83c77b75-2092-38bc-9a52-77e5823d8cbe
timestamps:
  login: 1429434233792
  logout: 1429434922317
  lastteleport: 1429434845632
  kits:
    tools: 1429423878364
ipAddress: 221.220.97.13
lastlocation:
  world: DIM-1
  x: -207.27055715836607
  y: 36.0
  z: 7.459870951863661
  yaw: -95.52015
  pitch: -6.54969
logoutlocation:
  world: whatthefuck
  x: -1124.3768176184267
  y: 71.0
  z: 437.4212057830866
  yaw: 352.45078
  pitch: 42.327602
homes:
  home:
    world: whatthefuck
    x: -1120.7716488221242
    y: 68.0
    z: 437.5183658586822
    yaw: 202.8846
    pitch: 33.055023
afk: false
lastAccountName: songjian
