uuid: 84841219-729e-3a90-a290-6726e22a1098
timestamps:
  login: 1483873830927
  logout: 1483874636082
  lastteleport: 1483874501291
  kits:
    tools: 1471752461698
ipAddress: 127.0.0.1
lastlocation:
  world: DIM1
  x: 5.513653239765
  y: 106.27999999999999
  z: 23.95218070565614
  yaw: -3.4505148
  pitch: 9.90008
logoutlocation:
  world: moe2nd
  x: 774.3984050752764
  y: 77.0
  z: 948.8225079612079
  yaw: 325.6504
  pitch: 26.550032
homes:
  home:
    world: moe2nd
    x: 787.1491910537342
    y: 78.0
    z: 942.6997810325618
    yaw: -161.9281
    pitch: 8.849998
afk: false
nickname: Pr
lastAccountName: Pr_wing
socialspy: false
