uuid: 947d868f-44b1-30ce-9fce-61c942c3f0b6
timestamps:
  login: 1484460136581
  lastteleport: 1484460201944
  logout: 1484462659018
  kits:
    tools: 1471767005720
ipAddress: 127.0.0.1
lastlocation:
  world: moe2nd
  x: 155.90208193499342
  y: 243.5942669557094
  z: 954.6999999880791
  yaw: 132.34184
  pitch: 11.735265
logoutlocation:
  world: moe2nd
  x: 161.2971433503022
  y: 252.9921875
  z: 934.4287145012303
  yaw: 356.3584
  pitch: -2.7772968
afk: false
homes:
  home:
    world: world
    x: 216.20330269410803
    y: 115.0
    z: 774.5603420637108
    yaw: 270.1709
    pitch: 9.483687
nickname: Suika
lastAccountName: Y_suika
socialspy: false
