uuid: b9bea761-b3da-3215-bcf8-8a909ead674a
timestamps:
  login: 1483959805628
  lastteleport: 1483881158391
  logout: 1483960237274
ipAddress: 127.0.0.1
lastlocation:
  world: moe2nd
  x: -52.0
  y: 100.0
  z: 2648.0
  yaw: 0.16875142
  pitch: 0.6187552
logoutlocation:
  world: moe2nd
  x: 770.7590265480626
  y: 79.625
  z: 959.3816114323572
  yaw: 73.594536
  pitch: 27.055676
homes:
  home:
    world: moe2nd
    x: -61.36258488497093
    y: 100.0
    z: 2652.476487684251
    yaw: 134.82343
    pitch: 38.693993
lastAccountName: fenglinshui
socialspy: false
afk: false
