lastAccountName: Caocao
timestamps:
  login: 1483689290124
  logout: 1483689365469
ipAddress: 127.0.0.1
logoutlocation:
  world: moe2nd
  x: -727.2205669518386
  y: 68.0
  z: 1087.5793665168574
  yaw: -74.472115
  pitch: 11.250975
