uuid: fcf2472b-d854-36d7-a4cc-f68c38dd23bb
timestamps:
  login: 1422680959328
  logout: 1422681258944
ipAddress: 172.45.253.8
lastlocation:
  world: SDYG6th
  x: -1015.5
  y: 111.0
  z: 1019.5
  yaw: 0.0
  pitch: 0.0
logoutlocation:
  world: SDYG6th
  x: -1009.7624999880791
  y: 102.0
  z: 1006.0104254075048
  yaw: 145.27475
  pitch: 27.900005
lastAccountName: _____
