spawns: 
  default: 
    world: world
    x: 1128.4229300926881
    y: 94.0
    z: 541.4548413464746
    yaw: 89.5885
    pitch: 88.32353
  admin: 
    world: world
    x: 1128.4229300926881
    y: 94.0
    z: 541.4548413464746
    yaw: 89.5885
    pitch: 88.32353
