spawns: 
  default: 
    world: moe2nd
    x: -706.4701310785011
    y: 65.96863999938965
    z: 1127.497198655949
    yaw: -95.20798
    pitch: 21.450104
