world: SDYG6th
x: -1011.5232992813774
y: 110.0
z: 967.9238622963479
yaw: 177.66907
pitch: 10.229571
name: Captain_Room
