world: SDYG6th
x: 1379.0474234611013
y: 248.63444624079622
z: 982.3622427553354
yaw: -162.25613
pitch: 71.687325
name: EastI
