world: SDYG6th
x: 825.5
y: 248.63401441843732
z: 344.5
yaw: 176.22084
pitch: 54.88329
name: NorthI
