world: SDYG6th
x: -1011.5
y: 18.0
z: 954.5
yaw: 90.49261
pitch: 52.120228
name: Secret_Portal
