world: SDYG6th
x: 877.9622887270749
y: 248.62394333738
z: 1907.729670802453
yaw: -3.9328399
pitch: 83.153946
name: SouthI
