world: SDYG6th
x: -1011.6383156404393
y: 110.0
z: 954.5161566052193
yaw: 88.2399
pitch: 32.373936
name: the_Chair
