world: SDYG6th
x: -1011.5382232104721
y: 82.0
z: 981.5484463571261
yaw: 359.98163
pitch: 1.7825942
name: to_EastI
