world: SDYG6th
x: -1011.5395534611417
y: 82.0
z: 1008.6979947838186
yaw: -359.977
pitch: -1.8874387
name: to_NorthI
