world: SDYG6th
x: -1011.5280192736494
y: 82.0
z: 999.6307165555158
yaw: 0.8722229
pitch: -4.8706136
name: to_SouthI
