world: SDYG6th
x: -1011.5426598870357
y: 82.0
z: 990.6369215613524
yaw: 0.13867188
pitch: 4.2447953
name: to_WestI
