world: SDYG6th
x: 436.5
y: 255.0
z: 1110.5
yaw: 113.29358
pitch: 66.620735
name: WestI
